6005.827900369975 6789613.488680236 957.8091326497556 
5920.022101053643 3220763771.5086336 695.8399210699465 
8181.864769892501 1410285.0840177815 0 
8097.934568584906 956802.7284309941 61.90206565461026 
5923.893902002702 27041349111.503075 593.238576326896 
5925.8882446862335 10989817411.50129 586.1206826679106 
5920.429295654234 21301465663.06277 687.1691305484937 
5926.881003216517 7775329552.779969 588.252981174423 
5920.42361010621 23834761508.00171 687.6249621686427 
5924.986878720763 4063911862.971875 588.4113122785045 
5922.9682733552145 21321278915.8172 599.3471589689595 
6822.141837559851 1551820.8995279768 516.2225639298134 
5924.758347967618 26296939353.109898 595.0807214668487 
7121.879250035195 1287659.379204815 390.7868367023431 
5977.358082411003 6878861.649010057 846.4872520162238 
5966.134095097866 11669864.376862269 878.1727699468925 
6077.0046755885505 6288403.30037927 637.1771221195671 
8035.503282502137 1031330.7637232384 105.05788215130258 
6680.7874142508235 1893713.7624817507 0 
7625.7482837608795 1024783.1633376506 146.61445573396747 
5958.313651830575 14033959.4133146 814.5588393335217 
6605.386447704021 1909449.6151217956 189.59217277381322 
6933.487579672727 1475771.7072867942 290.2592488510143 
5957.4506987396 45720879.489241794 922.3862365446204 
7265.178672103564 1155805.1357577671 207.51770714396346 
7864.566495031966 1337037.1457830216 22.149086314311052 
5922.494388699379 1021101155.4764835 612.6039422177198 
6897.469945845901 1833957.8843586335 337.7212604762794 
7469.253713679209 1005023.4130290671 268.92761367103805 
5982.058360731595 3562973593.227148 420.43502044812385 
7176.378198514475 1551965.2830701116 170.5538583482437 
6060.3211146317935 8868863.228992563 316.4082570312886 
5963.491847787984 12792830.207963841 908.0695641660692 
7020.6706265056 1672882.169035374 198.43199923905573 
6517.732591625376 2572895.8392482228 132.4773189844171 
6031.3981241310585 7433239.394302459 666.3121285388714 
7791.599641880751 1295016.146020663 49.68328091616161 
6415.529251159948 2916725.4210417056 75.64091970930981 
7965.689678450391 1416637.5032266045 7.544131026082638 
5942.453199784702 2043149728.6643114 552.4041544279324 
7336.1401515300895 1516531.5731387471 120.67150410260601 
7311.407188980563 1456821.832669636 122.98952721131955 
6575.808112928845 2189075.072998806 2.364147550295618 
5973.317088469691 7579897.918735874 794.2915126084988 
6104.444842890673 3797752.8645840213 455.65444596183454 
6047.759284496406 410169134.8706555 348.0601063345363 
6084.532718062964 78020771.63844365 302.5425023709608 
5920.468601125822 3152374657.479717 680.9220791474224 
6238.940364539419 4614112.365484279 137.28363207065684 
7055.933347644981 1752534.903241994 157.70123942247886 
6872.227907782471 1394384.4089566884 375.3857098707394 
5920.353190866179 2651755161.5055623 688.3002252775793 
6284.332300731232 4391789.8285985645 102.3319338038988 
5990.581652603346 135879397.39245585 410.75683476105667 
7694.284181500576 1310426.2838005559 36.39163873254285 
6317.59689667512 3482115.195639632 89.94532652684047 
7938.236153014845 1242838.941793825 45.87565182496745 
7202.238114792659 1342215.20525599 175.70609653126368 
7566.057239120439 1577293.4282259808 45.06683660459822 
5979.985232921158 36560312.78183126 752.7471631069504 
7238.297640344011 1302559.7668685191 339.0228787714471 
8142.3190633985305 1325870.0273787226 5.238288560562758 
5923.813225130186 622682407.7819359 734.9861135054377 
6026.014546771048 67730856.4358262 564.5368405785755 
5950.933091357871 1098397862.8774226 545.4443060017516 
5947.435831480065 2307905117.204977 465.81275987674337 
6033.878789942517 23914278.944370564 444.833121415612 
7776.0202560348525 1698821.6465908252 5.562217774125537 
5955.797695543935 564485913.190277 498.52308159759616 
6130.890120164213 5552185.803412557 360.9620599482246 
7385.2521103756135 1034810.5634834265 253.0457594346434 
5929.167848601256 230447508.53902692 778.588278336768 
5937.833545522198 58009964.08467137 707.7737421041832 
6840.770343725569 1793060.7229677043 357.5495550482758 
7887.308232105467 1444285.6314702388 4.211536276088926 
6497.485336893673 2400538.7632374703 281.26668044702285 
7526.499616486169 1131321.429071791 56.92889134119767 
5952.64840176938 810421795.4340801 530.4929441792168 
5951.577909512785 1463463686.5293121 476.7664535247559 
7714.385512023722 1448934.9576513572 21.355988618719568 
5945.784796460051 1506903332.4401429 577.3063596820552 
6262.892046333101 4389971.2791977115 161.5276046201319 
6675.569834281307 2712624.716781021 0 
7609.85775714713 1743286.491810116 43.711108583239564 
6143.86913747793 21434216.95232615 233.6971164835886 
5987.84481593352 204617623.8931982 426.6304653542114 
6467.835628207893 3300718.823450398 0 
6000.492699775759 9039075.371387715 725.0236574624125 
6370.248616589632 2805830.3152762232 108.71333377962543 
6170.524439367967 10722938.51416683 218.67100466389388 
6974.022412283596 1395578.151639936 277.7258962211499 
5997.430092886767 10082044.022099495 769.4268861767194 
7433.500751477425 1084265.9460326731 237.29998670795067 
7503.9633060105225 1387053.0195771044 88.66291846801863 
7378.673516401626 1243954.5886017948 193.9964982219817 
7090.877202295424 1324136.1240906622 181.8419935271764 
6424.074393578883 3145007.9096980654 38.41331769100309 
6975.736923720329 1367128.6173620035 468.87609289030013 
5923.705349629836 26516850286.56545 598.1285276918734 
6204.673090223052 3320244.5779200066 467.6082004647908 
