8005.547670235454 1295235.2900814705 0 
9706.674593079071 389207.55657489644 1073.5345626696999 
7478.951207007567 1379948.179645968 1387.250472403048 
5951.190392753264 2271523257.765212 521.4087597248447 
5948.4476351686735 289384430.28858197 569.1731951920577 
6074.334062366282 1629585355.1835706 221.51013263273586 
6075.938967264071 1227603744.0262587 221.97610699678035 
8273.407814607317 690302.429537589 916.3535648139737 
5988.381162137256 408868127.1594766 427.6474306715307 
9045.341235312475 440360.03756945906 1052.3999509521616 
8232.531462965513 729813.5931778739 1131.3736101528789 
5988.8353208411445 1107187879.8491707 378.9568151845209 
5952.490060122099 641180085.2445785 532.4698904069274 
8137.7028204439275 736905.1428907927 1230.5905269200687 
6077.30499865599 936166040.9935647 221.13904965649934 
9427.277411216202 515463.04917821276 574.5445742927577 
8533.851104621264 676160.1077065794 829.2435258517738 
7689.672992691601 743300.5666303148 1272.0734151874547 
8402.13294491903 690035.7286803927 547.7841106436084 
9006.82627886305 489423.3892784016 674.0756257133364 
6016.503118461129 889449821.1736437 315.66858332141686 
8622.06506940482 569261.8085034336 782.2523071142909 
8727.025485223512 476619.84657943604 756.748611611673 
5954.05140187016 786277834.274486 526.6428946685361 
7532.9378952331845 836881.5443559785 1336.2405155459564 
8811.403170049893 679613.3559366089 477.57349103338487 
7932.268739185881 989711.3460022944 1240.1051056163183 
8789.760942336796 528874.017074982 698.2008974740619 
5996.744893160814 353461793.4168291 436.8114544549709 
6866.638015598241 1899802.803977474 299.38078617413333 
9230.529433982909 467300.4209839685 606.9839740828454 
8601.488960624398 579992.2055648586 729.4652747885276 
6785.829249752493 1972021.8471162268 270.8119135992107 
7210.633351345356 1690454.2645516193 156.0845561375907 
5997.017011095356 705611029.0676193 378.9963767724199 
9174.028510202512 530942.7109112582 667.4990165649016 
9106.398065632626 560490.407802497 575.082184893944 
6418.79473981573 10074374.3784993 171.41318764929395 
7296.304766773359 1780682.8907873188 145.7100111826145 
5956.747305044167 55807052.80075131 878.1613036119744 
7158.34910200625 1850030.8182366136 253.60252626213116 
6531.134859157866 6285453.28733221 131.31187974044886 
6242.396506253413 39525511.24174753 120.27711416265115 
6300.253286398442 2843776.212977305 192.8451681877437 
9354.277456477019 522885.9861445189 592.6926596861417 
7524.950070293015 1167007.8012739762 1344.7812328804423 
6143.974836446216 8386762.917014049 231.60862123322957 
5952.1957628946675 196292891.3848662 635.8567893763501 
7735.699553350888 1463440.7175121976 8.685148341083938 
6062.361658992097 209883931.10551357 223.6545013366627 
5954.578609558003 653536034.5819882 509.61369967561234 
7021.466855012461 1888583.2012749761 279.9579883113838 
6484.592986484458 6463250.356119782 83.07063117349118 
6753.152707925225 2086713.716039384 322.58602513935296 
7101.915661693676 2030716.7270435635 166.54499584719807 
5957.600133627499 89104535.92913905 652.8216970230362 
8611.081711337396 521565.4478866347 847.721596992115 
6051.274499119153 738554239.1510895 249.17542192541754 
7775.481709829645 1009659.7620632683 88.49886676876386 
7655.547160256243 1530100.1548601296 42.21862260027461 
7516.543166086839 1827513.771580181 29.876217395514118 
5981.897953723999 254752471.47032017 465.81154228338033 
7405.091532273973 1635401.4561237688 136.024459981722 
9273.543674959832 654498.6524824987 510.6130449265221 
6967.1792725819905 1986528.1274834895 186.55238142970416 
7880.20235913987 1554823.6929670223 7.602270389506493 
6270.953980702635 16098555.330972178 212.5981421652226 
6189.203655738437 6389294.615364859 498.33563823614753 
6673.803321225296 3332085.8433679594 2.3084569242304687 
7349.437708753202 1780485.801594104 149.81658880129578 
7061.629953287127 2312232.092407626 109.87510659082164 
6017.233997280062 168986081.66725153 391.1415530479128 
8581.533365819116 586131.145977819 556.4720889715206 
5951.68084489899 69175533.51286191 769.689869698077 
8264.345670904153 787506.9691293669 872.5218341675688 
6006.524371952446 299720547.6941728 395.1785712975346 
5987.236724024939 195269119.3991566 446.49246848179655 
5970.224808699263 121548137.90348256 475.7469157913438 
9331.295249460083 466551.84902141057 596.9028133930191 
7445.0591656083925 2347667.945637959 102.77351335715787 
6927.346121365137 1782758.14765915 325.43667314169016 
7587.37794776034 1470171.8477762023 59.42720444202416 
6648.663991829132 1735935.9468641137 356.04723170682405 
7626.37352860893 1464458.7668221635 57.07719744297698 
7819.2086746750165 2391504.170734687 0 
8157.011217847398 731295.2367634043 1064.6159309925786 
6431.788156754777 2808681.5567439673 179.42113272091387 
6218.073601810622 7637679.573375085 351.19810594577604 
8189.985514284572 1186914.0689913179 74.43737812908056 
5987.335117956967 148969772.76055422 463.050137313267 
6605.379707446715 7631931.312786117 71.82116025060573 
6044.125193452802 138508662.54797286 291.35570648693374 
6004.941394199153 741780359.3618126 378.2380884202089 
6014.638190830895 292995916.4585325 329.34122809771304 
5953.7345430647765 305815046.81417 532.0289201357214 
6099.640974657762 95056765.39719407 221.98287573781403 
7466.369396295078 1601937.9667501952 369.78505409289005 
6298.600077613863 9480775.402975855 199.70686807425986 
6608.185223527153 5176353.4577413015 66.2527877156144 
6110.457398432927 19630545.79349575 287.5105238044531 
