6211.328101018725 999902104.2369941 216.32606268948746 
6020.947977302823 92925925.56510869 744.3030204153134 
11558.418655632127 329220.7006190596 413.1967974574467 
6026.752023404892 20679893.106545184 830.6781915707274 
11225.351183628514 457775.02779103245 0 
6216.941064622491 572189237.9341729 210.76176727551484 
6570.426634124619 343604841.1677153 78.28759045521748 
6057.951231451458 217290483.0471642 627.7541425018024 
6216.8190705284815 244381803.4090341 211.1364436050974 
6028.859169317211 69689922.97581832 735.7385803966358 
8634.548715061017 1112445.2205035635 145.51138048542333 
6137.488729292381 12108849.555386595 576.1857715112874 
8293.432020475433 1211340.3959503905 0 
9087.116137836154 856980.2400015473 395.56031795022176 
6057.4040901639855 15069713.62473714 683.8477851408537 
9574.73833857322 588434.6558390186 90.11272790184758 
6083.179427097792 190001110.24658015 452.27282140523414 
6247.757162133829 160620919.14954844 185.68535094757158 
7747.952346570252 1832952.5848524428 103.19832581965099 
10928.808081030607 444300.14703820716 7.763960315193902 
10268.692888623838 352425.4754786622 33.35510041496381 
11126.41131045035 434274.9990809801 7.6850181632767915 
10491.514687487634 529309.7547373644 0 
7290.9381781934935 2692116.1799509544 112.5094820110293 
7922.136152007311 1468226.9051964325 8.35914346780303 
6413.127785606066 9864184.580178075 368.003969748855 
8832.04867653695 995022.8742884496 126.11908500054528 
7600.343741045195 1641894.037498608 191.82937836060097 
6470.613960642539 9729693.254734261 313.04329522987496 
6337.360153389273 198952655.03732014 184.14525915951543 
9793.729780733633 426122.72734672425 162.49247335593162 
6039.6794107516835 131702002.72477181 665.8195341533738 
6196.985587267447 237476320.49940586 226.50110304129657 
9735.529021870418 506424.76852783456 62.56107113201922 
6463.980766348744 8043431.49433051 349.13712955311735 
7021.463503932413 2333961.807996169 135.5784591634728 
10030.517205416541 395439.9136427461 73.58272951456772 
6751.854880222454 4236459.0692272615 178.11686022282456 
6174.110197188881 78888129.88257371 246.07508982879182 
7187.1368303920135 2104309.8473725417 282.0403232336406 
6237.570718699727 140914357.7117661 199.86335513928987 
9255.655816133758 940342.7396546762 41.27895354083229 
7376.654535441547 1964129.5257383694 304.75722019116535 
9355.450952262097 904087.5874810097 43.12351613536392 
6088.339816494045 38026711.63979355 465.01983553965897 
10620.306579649881 486885.5897136574 19.005504501616073 
9413.697667245873 845918.7493103867 42.148280447393574 
8692.982445930218 986922.0345441243 211.2130957375645 
8047.478419380766 1276260.6352113793 54.1317438437661 
6033.306636199283 16838898.506051723 813.2808827229998 
6034.115368366931 29106617.386119235 797.7478636114713 
6655.597045999712 23396383.059642106 108.400811327416 
6541.003039349835 4460481.825180425 262.4802220074123 
8837.821852947263 997767.3051026176 92.31048628544099 
10804.141268380321 456481.5036373383 8.869853839272668 
9174.579551700408 977922.4154021476 59.28602839050137 
6069.286413815417 106214172.15283628 517.6409910792585 
6309.5967438924845 35847695.80184456 333.03898922903153 
7688.4700048245495 1599386.3082891547 160.30903398040897 
6381.86250749061 10018539.92275818 291.65240635699286 
6057.961917352921 16451568.868582156 569.234279398552 
8968.160203292522 1104828.5274531802 71.0919093657813 
6711.47641746843 6596095.012159299 152.1205042664408 
6278.000582791456 49762487.34830641 234.65228767974554 
6066.752767617568 15149983.954899408 547.5592837112732 
6066.039450362432 57809650.369097024 521.6495590167151 
7506.49447389999 2417474.6825618353 85.28684230047466 
10713.377382632274 457622.29762985976 3.333985086496522 
6023.052221712562 35247629.016944304 784.4217492313235 
8224.16853884406 1328819.2335826487 2.4641315877307965 
10212.001459006744 909696.8974582382 25.7564255908717 
10584.422066437497 498191.8276587225 10.156652716225796 
6928.953316919144 3271158.6072220122 301.3583103134692 
7157.90982243989 2181140.2633464574 275.22481593992234 
9889.357268511176 506046.1037885293 33.6325305226209 
6043.3808632873515 47258378.3496666 647.1568167092944 
10132.789899553489 992329.5086067191 2.471556780564212 
8114.955880505281 1461320.8028279254 9.44185217599889 
6101.545970279043 50996550.38835713 335.230764191665 
6124.583631857438 14951082.433565944 498.38587383740384 
6864.103415265556 3346705.829881651 139.98371760684742 
8987.0714010991 946431.5978161903 64.97329755422336 
6026.493404381875 81867218.68353811 766.899060971022 
6964.975550952054 6691470.432632264 53.9967667277583 
6810.906832133607 4819324.234156126 81.04115382285563 
9931.689016622751 1106172.2554332896 4.5124382894192525 
6025.301773974618 41001936.885089055 770.0288276311479 
6036.267868060625 20284680.02606887 755.7758540116538 
6078.154848781716 48920234.02898074 485.7793739834319 
6094.555128060218 26535131.488421112 536.4097813692388 
6153.977547774975 121233962.51708227 256.76031898293473 
7127.599383964221 4297416.5351859825 0 
6045.569690573588 97005510.08524875 644.8094621407017 
6094.987112965008 17131923.11117266 508.7590162832739 
6166.305643114856 119653993.66074532 256.9600291789096 
9090.683419986535 1076168.1606800277 27.840879864245927 
6054.082800333972 37693979.51674306 637.4322613702117 
6227.116268838155 32050674.859273635 362.5648797145471 
6140.909620651048 38735820.46065955 424.2820351401081 
6037.449229617841 22020296.07418879 676.1527577586896 
