10332.995829499483 489024.9304237741 124.51526187680128 
10332.995829499483 489024.9304237741 124.51526187680128 
6053.034930666421 865913078.4979554 593.7321057401718 
8971.553564975773 874241.5908011715 0 
6057.732909138042 13661812840.575375 478.81045407300724 
8784.648042633238 519047.92403057154 781.5193644299269 
6215.603573855181 5710782830.003525 220.33502017735458 
9825.079661661799 591169.3724531048 40.52875784925786 
8693.719130620893 599440.875995031 717.5349356464943 
6107.0216549551205 4285875760.9590526 353.59888286642075 
8998.896978089697 577647.7506917126 676.6271376293116 
8984.28928769385 618894.8886219529 625.8898259493476 
7549.441444068889 1098048.6205805326 760.3914683483246 
9096.62874280358 794235.6992542322 58.25801732668397 
6217.6585133006465 3458348396.0036383 224.74329774966623 
7944.293998761115 1274323.4723026864 137.67009302310586 
6107.590000925335 4839500453.434637 352.1573293244834 
6088.60549512987 5635010728.515104 364.7474922172343 
6091.68139825516 3055803196.5630136 361.2495532896526 
7179.78820872103 2503611.2210344216 254.3760730475405 
7683.650756881192 1213953.9075243503 544.9265163044367 
9272.591150385018 627963.5810495272 322.6498781598651 
6093.052077933518 2387258410.276965 354.70080714410074 
7523.169428701449 1349255.1038132382 507.12212509311814 
6407.018658585799 369080663.74438703 99.85823606447255 
7823.868054372862 1051357.8767375003 400.06298369001536 
9658.852505794954 610304.7087463781 40.52875784925786 
8213.019627589181 952332.2359473867 277.0159249233134 
8078.800886071155 976398.6703282555 291.9929521171438 
8657.929467466354 703006.7196149173 116.3624905040731 
6086.909595533498 47150629.14822109 679.8830547793045 
6331.4173214034745 1625269765.169075 217.38070466767186 
8037.298152542605 1110417.2722342836 164.67939782354966 
6112.009054196038 24457140.752605543 523.084444752128 
9530.330283500914 780664.4484828506 31.373890280176553 
6083.716623878123 103622417.49598536 564.9648757091359 
7655.458202258447 1182273.5412180873 614.1790891878834 
8517.686721087746 756590.2397674675 94.72632699454479 
7484.816820505119 1218638.7039771744 771.3660991102043 
6522.983897166804 15885387.014615834 102.2329211191668 
6229.870329128544 843342802.1844712 308.98742095386905 
7245.989718758721 2400065.2621370647 20.619173091735355 
8136.583086186168 944062.0334085166 437.0427817598521 
6059.18721730025 1973162837.0881662 471.89386283550846 
7034.211894825399 1788149.0074120313 391.7238330952378 
8361.563540447863 1136919.5106141795 75.31523196159269 
7382.550261690814 1636969.9794638148 411.53958462916086 
7074.7148395898985 2556403.91907761 154.38738791130388 
7590.924935903183 1263360.4661178014 283.4190113775163 
6589.114148161459 229192881.12117863 101.78156910048237 
7289.2550527604 2300061.049072405 152.667558580914 
9622.432388537985 678000.3317332832 50.355615707192385 
6172.537257388768 698553102.9253496 339.38467243626576 
9481.816882255729 735090.1668143463 67.9016218663711 
7724.03069293908 1215859.3132378545 197.83163682011065 
7792.061870895624 1232398.8871434394 177.46009165440927 
7755.83952910808 1270600.2826149852 185.48491996303662 
6863.70456342915 3237385.0742284264 35.56505788864132 
8274.528171901979 950160.6898071005 205.6028493905356 
9423.26851889999 514072.55809136527 246.47766906643696 
6059.626662718068 1245181741.926802 587.037947859852 
9349.161642934005 549214.5508445314 237.80847310345035 
7421.066763041824 1386434.6112540367 84.46099676051546 
8191.417819967507 862328.7242755131 422.9231445272152 
6196.8093199025425 890327116.3169193 332.8906410559411 
6091.660158646871 4695913380.520041 362.4344743592848 
6337.116053070809 26617055.77970376 107.26166343697368 
8904.35255941948 647963.279074966 100.41574197863825 
6063.752776776118 1683105606.2108781 486.1986555036165 
7669.857163898092 1212246.8703159604 583.6346702737037 
6255.698914714496 87430174.8673742 233.16268341720473 
8416.126017915863 736709.5467109298 457.4434183153398 
6907.426810785143 2593808.3433282776 8.96120281659258 
6183.244653444734 59754621.312649004 443.7638144780108 
6110.337109841871 2305807336.0659633 354.06430057783854 
8444.559020937091 624719.696789049 427.73199530690306 
6242.278307444133 1762405212.4262643 217.37132635037796 
6776.779417404663 18114294.59722054 4.489835298145772 
7657.070977136552 1071719.1129926203 598.0307518718861 
6227.6503814169855 1023003343.8421696 223.59569085718718 
7355.703649912284 1540939.8611721578 463.5240560772671 
8281.152548730473 841688.8856640889 130.7514279290795 
8832.689579323382 910101.4222975827 0 
6659.042978706828 101047243.26802915 50.4996795166436 
8710.140092705326 655758.5109028332 234.11966985075173 
6072.984190446623 112214146.50203468 380.0776184320184 
6250.79069891062 322696506.1213103 318.6605889556008 
6723.398339832005 6022920.7848063875 249.6290396504115 
9375.154694795721 552090.4728997321 131.02335577088192 
6057.640563175544 1170336393.2644222 588.0467993116528 
6764.626157413415 4518698.033121688 87.39856399026229 
6081.089915988022 3250575096.6969137 370.8711026612754 
6067.661306274134 1837471229.2360134 479.1783283935837 
7339.070506222843 1825002.415252655 72.01218888577114 
7210.51880163783 2459869.1938472665 160.78830082497691 
8410.49121004042 801792.6039169364 118.24222356590226 
6111.786789240381 3173070558.3838515 345.6448096950005 
6969.299457703711 11159174.876197286 0 
6063.878138773882 602921560.6496487 485.7925911215184 
6124.857613597611 237810469.83296254 366.8192142950813 
