5923.481576406602 756370815662.516 725.3479551280765 
13374.500647305727 1339112.1658647684 0 
11533.31780610988 746114.5084902274 172.8924809002359 
5925.800262002114 46939586.482987516 815.3153471317454 
5934.392769306979 45087163400774.44 483.6609864641606 
13374.500647305727 1339112.1658647684 0 
5945.871509035639 20159553655276.86 475.00783408297025 
5933.918103876722 10401985463358.127 485.0905319298272 
11828.774087245078 783564.513475729 91.97542345608434 
12646.249738515615 780991.0586841798 61.641795009541326 
5928.60091346743 7827861536596.059 604.0137550902689 
12765.772455070577 1243946.2303061665 1.283158489291818 
13301.712989600575 1370320.2783725478 0 
5988.07537269012 13254074.762990631 561.4145896374849 
5934.329768246364 4668343357658.033 484.51190998991837 
5924.241772521467 8133331416777.544 623.2334971786153 
6973.224855868672 3690389.7974927304 325.4796184305557 
8978.24845763461 4596996.944135619 15.010273734631285 
6567.525820234663 4799556.702516807 234.17729903685958 
8020.094433327738 1635152.1735333588 310.5525799711475 
8282.332484693741 1653987.6802002108 278.59555650462596 
8680.559225508263 1254642.7500302142 176.22627326168146 
5923.790671532403 56664361.52030876 777.1748858961928 
6809.441467612247 3836962.0852919105 322.14627674107885 
7926.1014870514555 1489739.6004482321 346.28690504385617 
9523.22065035801 1321414.104347187 111.8067518515308 
10164.999289239138 922879.1474105343 142.8772943673974 
9888.200063657943 957861.4082841785 80.27955003345846 
7150.064733418041 2760619.9099884033 131.28691551816107 
6016.0796222908175 1754131206285.8215 350.9500783205099 
5923.945087217355 59936948.110848546 746.9899822582706 
7612.554285809551 1785941.4412496965 415.09576943410246 
5934.406591878669 51427056.697376095 527.6634234484518 
5958.700049544518 4000323606049.1714 444.9269655744825 
6066.25909369334 2810735224422.0483 250.1827802715855 
10390.756326355586 907028.1984118284 50.01915723736553 
9418.035492708863 1346409.1774146585 121.45864889283814 
11126.886480469651 808418.8348413896 126.3687153649053 
9698.14290414357 1064616.1562935144 87.3866860344919 
6136.097098696823 12294332.956681646 257.26916498089105 
7725.994614202733 1729730.8703344115 430.5711190425166 
8451.827899917373 1460798.9169130635 391.0081912282942 
6250.61442345821 12041664.621534573 334.9093345927189 
7727.243219934601 1764998.7826006275 99.67096665825682 
5928.825982537886 10765865515.690678 589.4976674453177 
5960.020929407902 13975862.743610047 706.1917228010083 
8225.683879485707 3110454.0550055206 68.50399875324328 
7424.599469342499 1835546.5717062713 134.5379587614866 
9016.951178630325 1313215.5115209457 150.8106657946188 
5927.08134962924 40129975.03549766 773.0239297781638 
10273.45572594878 1028814.1093653437 4.4599817151474745 
10017.794267476851 939800.734146358 32.18556304793912 
11299.016812887035 789259.4997422175 125.67742356644264 
7316.186221695649 2001259.496599092 245.5476608564551 
9053.785079273774 956323.0673258344 267.0221748349768 
10549.084595684566 1242693.2415275904 3.8804358364802436 
6667.53625190881 7332947.16100743 22.274574190469227 
6001.729705393771 1630688512839.5632 371.15288095247024 
10811.720539616226 946338.1924174279 1.3561049431667405 
9745.929840322122 1069926.8642438122 40.42116752420763 
10413.136759471869 893355.7031555732 9.465218540376846 
5924.444367062362 4248625751601.9316 623.1757236434635 
5936.0129958939715 3122819402503.531 480.3464202080969 
11482.393847909469 784805.7656299522 27.59751015232753 
9791.59350543213 1047247.1381759692 104.67898384726948 
11023.887366547744 794260.5970395724 250.0057355123301 
7250.236274205303 2687252.711971889 404.0635156228326 
10931.34470695231 890057.8052324641 1.363355743500808 
5934.510324709866 1182743931079.5415 523.4186889042858 
11356.216861060442 768180.6808153975 221.15888903633572 
5925.26456277553 635384443255.6764 606.6888101983347 
5950.249348511834 18959422.880041152 692.8501928139344 
5925.918982903007 140102236.1847586 659.7996505617366 
8555.790263412226 1754248.693076786 207.2935915735547 
6448.464468486566 19900431.77771262 174.53656174977158 
6373.777109531486 8663391.737574758 189.68397762079886 
6341.910069855749 6155571.375642808 391.3357768872278 
9247.62770480425 1405321.9973511086 110.82200780953468 
5966.630008113459 411348678328.43 377.36569001123354 
5957.197018743794 4667132845048.959 457.78653912219875 
9319.621341263648 1352932.7099378223 138.39463677340822 
9013.489533738028 1749348.0912919107 169.05841393162225 
6081.760679925341 739767157628.2037 287.18941548959384 
5926.126190086961 50841894.644802704 677.9238578448025 
9165.659329125312 1151943.5698624407 180.29658984122176 
6723.326064036401 5990380.044709021 217.13800586984377 
6262.6752271054975 11044858.506178621 200.56473879396543 
7264.5422643225465 2613752.12214117 682.3018119025995 
5968.975873419013 256513878089.06796 473.9506118863769 
9094.51306808247 1088932.627045785 214.4765529221996 
7962.844846756736 1786189.4487860561 71.93624108363032 
5935.226973157413 411361708768.31323 498.7682338822288 
6074.793840925589 16248070.333515039 361.0526113180226 
5923.947308738334 122690513.62029326 735.022322189338 
5928.576931803236 127930101332.07869 628.9264951898238 
11374.141990731709 746132.4306769595 201.86358537549506 
6031.797766219828 10505313.256140923 422.029994568858 
6027.392274228248 35520113.807595745 292.9147702169105 
7393.786646169731 2374712.9442469003 185.03642821272524 
8629.672477862023 1178559.9268217536 206.5354070142542 
