10242.465642853294 1040423.8143795694 0 
5964.132766594317 15851880204.891394 679.4459439348494 
13322.89333290133 514481.0249069386 68.44025821481554 
11688.666325112397 258290.69297179137 147.10709827813236 
5993.064912721431 41047254441.59378 471.82889144079456 
6174.63700831622 50259483.048639335 1159.188728207691 
6056.02709436516 30332795652.034637 342.73219408496095 
6103.4938440389615 16348226194.204073 241.5529342568579 
6014.09150000594 28098945978.082886 466.25507199859686 
6166.058255411971 79597584.02387823 1099.6023465590658 
6036.5315193119595 160452082.64780065 837.8295637755838 
6102.081071924012 8269049992.380711 244.1059689369119 
5967.503424289873 3054950216.5562377 625.8242116023823 
6030.675727459861 13494227192.826279 357.0914880657391 
5965.556812611888 10426454105.721687 639.8740586439086 
5987.739672951802 5151933311.475189 564.6935607246751 
5987.738603433909 6015620954.091099 564.8649389902196 
8619.373431712851 1496867.6306748802 56.54910982971121 
6054.9670641375715 28289988214.50366 348.8797611873988 
8260.651930085703 1330728.1574114538 156.6972701327704 
11328.009673876863 287639.47119424044 166.374905280292 
6368.523673924287 2012010560.9512734 147.92610754409554 
5964.863584849892 15516046659.240864 641.890982246902 
12659.053755134057 527739.685127704 94.75401144963715 
13035.65964872474 326093.0445413113 94.58141052362932 
9285.835617287501 912709.6824171478 148.73546430441374 
5964.552649790834 12618518928.655716 678.911498843027 
9652.587071886679 1052327.7067707584 102.44516574474623 
5971.364261943812 1265573730.2950473 643.5212262657074 
9015.333918159442 1897939.3010567022 28.221671062841395 
11619.784003929417 267409.77247974975 132.63943826256974 
9864.070407554023 1229022.9574469088 25.589723325820344 
11880.022777474653 311434.63713161804 127.80770372829097 
5987.661706165122 11500550133.371387 568.2777339027094 
5987.724176223687 266618139.81934342 592.6559458801356 
11229.651206219936 285580.1344550396 279.2617901517038 
11031.846175950195 311522.3567624829 312.6491587446847 
8803.858190116282 963760.2243804764 229.3423040226432 
5982.212352383354 218428015.07890707 725.6479501183029 
10126.135417245974 280593.46624946484 362.36146814968475 
10401.440436737757 298973.8499453643 342.59263957657953 
10844.791386620882 347507.05300239514 261.35250968616305 
12369.433737575033 266338.6578576226 127.61039321076021 
5984.087558516469 1195507664.6848125 701.2678350998467 
7762.51322524129 3234802.2922034487 49.11138256048557 
6332.398577983704 32019884.733686965 375.73053141541715 
7327.0250997825315 2371489.312923822 215.56964734956324 
7950.466878553136 1551024.1400818746 135.5227680750544 
9358.857779779664 861649.0087353541 167.68638823357122 
5991.162261434379 182354306.75357723 753.077760830444 
12204.610285686176 328416.6684825341 108.7468560415855 
12644.995320028904 527800.2771960284 94.54127484706663 
8229.873666696936 1172290.454286413 176.74247006543013 
8040.133614458855 2305793.3240653872 132.46703381221957 
6037.455582958505 12502323220.512276 430.41170444020906 
10961.042946369633 312959.72325256385 288.5478834816287 
5967.943527560771 2976750705.62323 632.8736489424457 
9557.805930332739 791859.3676077721 197.00336593433633 
7260.08321291666 2099228.274630762 484.49745227519827 
10766.788955949824 315322.47773554025 301.13221321982525 
6183.584718058409 37353442.41575678 252.47609539477284 
10552.415810940123 325215.99935984606 338.5658578669207 
13097.327483400863 286148.59474178875 89.27449787278101 
8699.000194711582 1292146.2414604248 122.1911294515035 
7574.49054886373 1529940.5557709704 391.76194628557835 
6663.5469144119015 7304415.979035727 72.19824995923692 
7420.22758430621 3814725.447812246 178.49660100569275 
9530.535391075155 408675.7564879125 203.29868460964647 
12035.04760777832 262190.5958311498 131.79000592272263 
7174.280506421744 3606521.9851734135 314.0683282870852 
6000.6340931642735 11441083226.136385 470.90720726479384 
6584.311264469513 10420674.081315663 388.97369896504654 
5998.552649920762 166689990.71406338 804.9187930756991 
6462.662990459718 12741459.605916727 108.97280143365828 
12093.851951994573 283102.75895297097 115.49078276308006 
13238.74655042647 515125.24941977265 55.61207013137041 
7525.890835462062 1815537.5173492832 416.0382419594218 
10611.762077551706 370812.83197924274 274.7057270978337 
7691.07480376462 2990860.0168335135 49.36476933898578 
7028.564434332208 7461434.900633458 10.287338811954234 
6159.600916270482 452795127.6092112 403.6501769572551 
9937.879752211968 601808.7395994458 137.85456651096877 
6891.4297265555815 5004559.878781784 30.54150999162799 
5981.143293623288 249991370.0422765 771.9277449868143 
10722.820792853105 537141.9764432156 39.33329373729038 
5983.710146740238 197140168.03839993 822.6677699848834 
6783.869201463134 6895567.356929093 435.2450654254482 
10020.605204617052 991427.226837169 13.346061485223917 
10669.586656772804 299373.4355569564 333.8707733789688 
12350.979586267214 304317.9439014826 111.80189314211684 
8933.464977771331 2597125.487970316 0 
7263.002743173572 2046419.1051710804 452.0403300981446 
6037.499931598508 197281833.10931128 541.1039295307128 
6944.716370298469 4023315.7942033373 286.1143880233134 
10012.274022366983 931355.4949396136 79.5483868882472 
7476.310630478975 2199678.6990260477 444.865234151732 
6798.6361564792305 14440794.06529729 65.71878038032652 
6045.942054640082 353271056.7586522 513.839066732545 
7083.9989569514255 2807897.1756606814 432.6251361856519 
8876.76195676846 1280469.051365118 55.12441942111289 
