6112.427459559952 33787490.754799135 999.7297525053624 
13545.228552124985 2240277.8538377793 194.32620509996838 
9667.15830502573 1932603.8855853223 243.27565197174374 
8626.952654356048 4726093.463463972 0 
5963.312390529883 949643349.7080104 682.5423256749941 
6008.822430903241 238332528661.1521 559.7302408615836 
5968.87685321748 12047607660.906141 673.8581042840772 
6007.417932750607 35323050.15510502 875.0916090992264 
9401.461839024758 3293664.2325663297 140.41763747135653 
8835.643884825144 4713724.370908873 29.447850085503163 
9023.246489068506 2334659.9677937217 287.1688381191674 
7988.652421175503 3332989.561782535 250.6208667653712 
7439.161282115263 33174150.96029988 72.45027873645977 
9439.835274372337 3165745.6688732146 109.92623283813454 
7776.454661412246 5985932.057890875 33.64616363980259 
8221.338685082685 3089199.499989971 636.1825523638155 
8450.940137271411 4269499.72225755 89.7157847873234 
6986.554035752425 6850820.713737713 225.43979585191548 
7566.323098663521 7470191.776501579 4.043607404041471 
7191.921024272513 9724617.373735256 124.64103857945331 
7722.787587447865 3099678.1703294255 354.93934025824655 
8619.712036848983 3742907.220338916 107.21773757662922 
6136.751050910827 48182356.41662542 851.5304172594929 
6402.088308338754 6303250.942614514 815.5290153916727 
8313.804120591767 2821763.8227997925 148.6327523989135 
6035.397495621981 61618057.88890708 836.4870938928731 
9001.705978282444 2730881.087194538 328.6467238298502 
6079.538352566304 307145269.59137726 570.7194231704675 
7858.393303169198 5198410.644115505 77.46568560207099 
7801.315347399173 4336023.194942488 164.23786065378192 
6185.647937562751 618320717.5415447 415.46173972711154 
7372.755883069337 4943164.716136017 397.8626578891184 
6826.248086422841 212961141.62712592 214.45188210806285 
7408.174421091709 5556184.681580025 183.84894516371236 
6368.320710738895 21161056.012897734 450.59254741657963 
6737.5062931190705 6583323.767697554 311.22138147618995 
6032.5206658496 125580044.38278984 720.4245495636633 
8962.896138549253 2947349.0501507726 147.73484169451712 
6003.55111943141 1200469596.5429485 592.2044281459525 
8237.52755631857 4819961.385395904 90.80461463028713 
6812.465101662589 16161615.373374633 279.2560399355898 
7136.616804572503 5469368.825419595 476.2656981598646 
6004.335667809907 195748937.8441416 769.5465757573209 
6661.059175636316 129957692.14898959 298.16269169393325 
6895.0573519590835 7866477.723866631 158.26728653699632 
6063.669873635612 78435946.00351804 790.4506377868264 
5968.880978485799 6443501457.077332 679.5625675238769 
7592.124313223385 4354433.726061189 288.8412656622919 
5966.3123945612815 490299500.71732557 731.532198222993 
6461.21408304521 7717135.095882616 462.6768729181922 
7179.009856857185 7425037.748417715 199.95121167308153 
6013.038853846436 10621167679.036348 548.7021939182724 
6217.180541608626 47909109.8560885 537.6426659189232 
7106.045010934922 5489458.756194964 642.1123292245611 
6146.623384346784 4876336643.602016 490.79313988206536 
6503.142768831007 17318535.932923384 425.26314433467866 
6052.304688861689 79121905.07597081 802.0537218191864 
6614.52897159735 100851689.09586784 315.1563669249716 
6330.157766361623 70964438.2648692 344.2326380406127 
6525.720827076813 11421610.588736188 371.54852252463184 
6023.827463721826 186406712.9282655 748.2242590690689 
6077.45823246993 217402186.88063863 626.0492390748865 
6054.246573490035 384943681.52250075 501.143722587989 
6965.733610888879 6441676.621402766 440.08444001278593 
6704.588616046522 33238121.699629758 268.37028692115194 
6003.109444778509 231875482.52891606 613.3538809542081 
6120.758887004081 111359960.10075745 520.312561905411 
7309.130712202945 5719178.329244498 255.35377536670825 
6069.953510983888 71141242.10129379 701.2259948823796 
6031.006286102636 175114430.27515087 651.4021471310742 
6046.028934643011 117114737.53926429 663.6986652812052 
6157.287149868573 149149375.18748432 512.6069400156678 
6008.377473289589 123628612.38227017 775.9290683762168 
5964.91588473102 9972691014.454996 679.9266174820241 
7269.266418373689 5435830.205327599 388.24860948818025 
7482.4861041703325 10200608.997016018 0 
6593.586782357355 54716671.34962259 345.5328467331206 
5972.6170941534665 3664098621.521347 670.4414068051012 
6306.096260478783 26039770.905555572 606.7920389629621 
6517.126060819053 24047415.118296765 381.83010451391453 
6869.994878852139 88302111.14445019 188.48273224227526 
6698.924168645407 9957036.573954437 434.4649442108686 
6018.006641906872 439598371.33949775 531.7572341416515 
6289.860889544723 45701803.93374389 363.61606071766647 
6141.976948174972 29590834.759679627 746.977834132434 
6163.475431261196 1032587361.500007 488.071797195439 
7379.661101011642 6638224.485585113 83.69009745305017 
6170.888289739849 209784618.15521163 468.9394440809207 
6263.181454055417 551692238.4778422 438.919775376355 
6159.445394667531 95752845.47607058 598.7660130321124 
6819.534824588464 17381046.69908786 260.9430378072256 
6399.556291972256 28462762.559934583 392.0033006452762 
6433.983886603533 13394013.090448461 700.5163251035854 
6596.401523560466 1659379582.24927 294.1840640920321 
6016.97493440768 1482086531.3505657 555.0572935653408 
5975.634258138707 424740056.0313033 643.3141111048715 
5968.620867519663 256617341.41470826 689.5096245457062 
7272.738679891761 5150062.53735346 367.2898650432761 
6008.095447731697 865533849.0785667 561.0402484940988 
5971.759546323773 1847523329.7030177 670.466406651053 
