5927.342353568875 604087319.5047795 742.8084795632714 
12771.53982739582 1008499.2084355152 89.27357563012418 
6009.749724889328 643340099648.1453 590.7511019566471 
9471.011490673181 2231108.6701779347 0 
12457.347923947978 822854.0351375362 545.2369768165315 
6105.8178221545895 9175438.837551722 1055.2253989810165 
5968.115889246176 26750269659.557484 700.8869976997883 
11244.374325781988 1044670.6378649031 81.0544568529452 
10693.541389878083 1112348.3918614844 28.97474269293183 
10054.506105811992 1520058.1330415965 152.2343584659588 
6767.54532175053 4494754.78992891 504.54561689492596 
7629.976451604658 2664825.085636201 107.34864997521625 
9168.2746159374 1406368.2276154968 235.7015385070868 
5967.759085756617 53831370.926854186 880.1682735495422 
9049.44045796236 1487362.886835533 274.77717465814715 
7903.798526646646 2621049.5900043817 286.20144939066324 
8212.86118424962 2378247.8844129294 300.69170445119704 
9784.07525686343 1226757.5716107993 332.42540365972775 
6116.885421929921 81112370.85190606 690.6176447391072 
7183.888830304884 5742159.055445101 55.207054846048464 
6152.073226924639 22168237.264842533 913.608386667042 
9621.40400417912 1416951.409364413 217.87299548497492 
10475.495364473245 1281097.5260626012 146.85125008644061 
6648.3424166925215 6842647.756142837 337.48621427368806 
6442.218079565482 6005343.04972029 795.8252262657634 
5978.728548084056 61924593.27622125 842.5900293048292 
5968.632123483671 1698248707.5674126 649.6407192260056 
6037.786784503846 18340168035.700077 576.0189786402758 
9419.724367173974 1648565.2452903544 203.622236496705 
8964.441343942854 1680395.5870061913 190.40135853915416 
8708.072165337302 1591191.8918925705 369.4280187144027 
6172.2204966094005 9961699.788095439 1045.2253832974545 
9262.377427389856 3230816.104508547 3.7501974063046593 
7326.224967319229 3955786.5868569347 106.86766763367065 
6104.216435987539 154301408.72785205 462.29335908941255 
8508.36464043254 2370411.8561929497 23.50272535565616 
10274.500082203715 1296725.2218417018 150.61785335093833 
8087.040534147413 2387437.251527911 44.20849424556009 
6257.126234986694 15726911.657556973 819.6625395931713 
6498.452492784753 17235334.616621934 175.32907225810357 
5986.9681999944305 1077574915.8263333 612.928281502828 
8279.01499258406 1817541.174588529 234.04126406998 
7986.345323490639 2089380.2928379867 440.51494512199247 
5930.555534205291 421586267.5361265 783.0853087688168 
7441.043903639912 2308311.4515801677 370.02190467684363 
8746.241677040134 1615324.5111636983 319.7286745097136 
6040.095835252303 37819850.606887214 1012.8956502148053 
8409.913418435075 3210774.642335685 36.33787409665746 
6227.7717165915565 14742076.804899264 966.2012927513903 
8854.571179121274 1486206.3536935872 316.58462852543323 
8971.276786307135 1307038.0092097118 384.10447995947277 
6291.397455452947 16471291.60734804 763.7685941537377 
6862.845354418261 2829152.5780851967 162.76773981717292 
6593.579440331141 5210038.737354319 426.01913879569065 
9485.660691303496 1246786.1714317761 277.0511287744181 
6206.655798083886 656420643.737217 396.1815855628761 
6361.016085544337 11866850.850675598 450.5862095072126 
10307.206281618593 2024640.8217067043 26.888980503749185 
6216.050500625247 196786108.30283558 415.4064074040899 
8662.909462397767 2915988.4949373906 14.699518512495718 
6200.689905474615 5234686.516062072 1009.6209538392638 
5971.888046997875 13506596756.19098 624.5256759645193 
6938.771960059973 9733636.294936234 50.13788326456621 
6307.4056627275095 12579833.227585988 951.130111436948 
8608.051289460545 1834558.4548596828 205.49630871030075 
6048.385682501772 14816886.36896751 984.3281350532457 
10536.186281165305 1233457.170146359 164.8836188716295 
7352.886478541967 3597984.230499106 114.23404660375189 
6996.7938426377805 5981363.863822835 85.06574124996517 
5927.898869987303 6528130649.147485 729.6669988382594 
6099.783033822835 242794813.3261188 559.4558679858493 
8344.299390032957 1682480.8458065987 211.15726480559164 
6298.854248066835 13585705.07786453 935.8018936515593 
6586.554031658159 7716942.716510791 529.2215191754732 
6100.068946415116 2275738803.7343235 523.7059458291839 
6555.958165637101 9952310.120893186 731.79935219865 
9680.137548419048 1625327.3918706514 124.18992887228572 
9712.542643041612 1309997.6557301169 167.93631539492497 
5969.085276469803 3021794430.162313 643.6976556036517 
7922.252947239651 2345799.585196522 331.59000446476654 
6332.211744939243 13862334.818987604 754.3976312536151 
6677.751251684065 4532104.06655205 131.42240973602412 
10529.242301664035 1271072.6824548617 134.0732477923573 
7075.023806801715 4104600.2524314327 74.88101002370084 
7411.312750029978 9113876.470038097 5.761496907311792 
6059.851387728699 333002471.98225576 566.6219479492754 
8009.329839289867 4611141.280809053 40.18300419612551 
6177.057626199772 20779045.2777408 925.7588063967916 
7091.2985491301915 8835721.274868444 70.8875047788881 
6159.74442164453 10937774.987230983 981.0001314256746 
10294.523098115968 1389703.5555371572 69.01858801187853 
6112.099271443467 15228198137.638702 461.5937181833798 
8853.743830504329 1871495.758249953 126.75384155293128 
5963.257373060742 1848052620.9067457 721.0581893650926 
6793.484994332244 4014184.0413508597 127.61452902609835 
6412.396232806929 11011524.204700153 213.0494433018686 
6055.3414391159195 42027537.88223612 832.8411405139932 
6313.81096743746 71666649.13443634 373.38438215864676 
6306.532654295121 75204437.24488461 709.2504494670451 
5979.154464391648 630596204.2309325 631.5838801377434 
