6115.365204028936 686613593.0325893 839.8819653740343 
7989.189745525585 1390778.727671083 0 
7837.925550868858 733629.7423203707 197.08641213932947 
8175.878806310584 913178.2343381117 41.26564848569528 
6304.484625907287 16806225.409327704 1206.656212958727 
6300.897206957335 66477182490.68212 228.20780803889477 
6337.165593179758 9703930514.962015 218.45070660185095 
6371.046016240828 3956369729.853301 218.74414351276818 
7551.654726722352 1153518.4059953885 108.79432260635923 
6868.887161992088 7447589.372571334 10.527989740076173 
6171.120206333431 92268989.51384877 957.197572023538 
6223.486364918098 23542709.00498679 1138.4324752004068 
7657.1285056601955 1150782.0694961543 231.08824528750657 
6422.054899274588 4262831.9600713495 900.547787165554 
7739.948207980451 1110279.953969814 130.69635587066585 
7291.958407595526 4122269.8484032704 31.19538819787003 
7774.199544286222 1226020.4532473092 71.76408073070411 
7489.0149573475865 1021661.1776931437 419.9130248440819 
6947.265077516346 5912355.188843791 94.773831791661 
6452.158191953865 8396139.759025084 526.6330192359733 
7935.328209520539 1247827.1139440616 40.689285543304685 
7247.1290205292935 1879405.2716994244 443.65077806093433 
6527.437961172489 4175743.9506172617 1005.2616158397145 
7078.389341443856 3187762.681137512 91.64034467932646 
6635.371472444835 7749793.332136114 353.98848547393095 
6553.269439422436 5069688.641783856 675.1437713828175 
7044.470619238521 2981904.9890295817 456.54732350751 
7154.276397317997 1987049.8416661792 572.9084546612878 
7325.289579967505 2590798.403806265 204.34404333529028 
6205.0646756657725 29472932.615699463 803.3880929229508 
6390.943321371321 8698576.771292659 1036.2006299116758 
6215.666605273728 341684490.9880831 601.1149079815016 
6597.195495308477 12611718.080753777 171.88313274020308 
6772.9779647802725 8487516.933399186 74.41843381512933 
6817.356146202939 5555460.246685195 147.10571660845227 
6131.20020514181 195368737.88391203 766.0456994680017 
6314.1903508973755 23479381.236973044 563.5191159580381 
7003.647972513781 2056844.7219115663 466.21733673753715 
7889.065317897834 767067.4228926927 115.29638267106168 
6200.46953181289 33021050.023283638 977.8240011082089 
6225.101821680245 16916200.820047833 1117.56720255894 
7678.929471444507 969490.6222056886 146.9629947724194 
7459.129803410058 1223264.7723470575 213.7460945194021 
6260.397117671655 3522266321.3346276 316.8931479952024 
7202.76273197648 2593322.740966109 255.19784136567188 
6365.743570579899 9108080.885646041 513.553908795319 
6401.639710797392 16461000.061578352 487.92203152831695 
6508.554554593365 7074332.730152516 707.9251513898172 
7987.4722475096405 959936.2649014794 41.49806041197746 
6966.749742847802 3593257.5216352 299.63683901271827 
6282.485052278675 18906051.56704001 1062.4116763355453 
7185.9677476492725 1969619.129017889 431.5862963837341 
6658.631573929479 5389487.923827605 412.9161554097515 
6118.422003588333 517702088.5918805 862.6745765985663 
7120.207691657597 2243137.5073276926 427.24575008252765 
6200.849766617882 25872479.622407846 1092.3282762115955 
6249.123634524423 21504890.639589474 1076.3956684911575 
6220.449241143026 2149364012.660765 567.1422413853024 
7134.129884509446 4816518.455959879 56.20881568317995 
7363.1804858640035 2505277.980607482 176.92434750783116 
6723.827000529491 4459387.761464699 387.0642543023024 
6753.778463970097 29289542.78299245 136.37636423515164 
6208.115104761807 75516784.18960595 653.8514790972694 
6827.76825991196 18106536.42325212 7.199349407238017 
6996.798981640392 3351315.813321934 263.0559489932383 
6231.597546198259 3876654081.393292 328.6340317370152 
6684.8318107870755 9822296.791044295 145.06518226724936 
6472.6786470663155 16757774.405334782 248.6919799360341 
6122.2427706298995 368476514.7585554 878.4305508130706 
6258.257922544232 1315027017.7300305 397.8583480714968 
6726.390298939003 5747683.487266329 179.68424265711812 
6511.992094391209 8279773.139392823 375.8171343708874 
7383.759475430807 2574160.9480844657 102.48280145090315 
6431.690520786312 10379487.73089375 498.24701973980245 
6194.688751777227 34064616.29397832 1018.5179553745863 
6253.685583804442 76124083.71609788 621.6607432091274 
7428.345651993241 1078619.2110594537 240.2203930669876 
6577.085667230576 5701603.778212365 444.5004764447134 
7891.102079205299 957303.3273060354 105.5133964263344 
7407.622994980042 2067253.1871960203 0 
6265.2734575395625 1266316083.4760978 335.25614825926937 
6307.579505613601 737909775.3373607 286.37058664539353 
6332.760024025778 13190038.569804832 747.730854763301 
6183.617792846724 151918680.65303868 686.7657407151089 
6444.029709817691 92258186.68481335 273.8975572221549 
6142.949809040309 106071115.94973329 891.7533126051824 
6674.197287017431 3256706.636324774 640.6634930313088 
6279.969410006817 1944480970.522572 313.29577135336814 
6964.613047310854 3997832.181448783 347.560424838669 
6289.215742819884 1748813122.376668 243.49895008813155 
6193.013203710825 96136783.69280985 721.9408754435206 
6115.778318221022 634607240.6554756 819.6939188128569 
6178.99906589719 123376878.01684614 736.6561958170449 
6154.153381793621 225139078.7779968 638.2067879962786 
6118.064177403804 563769125.3846784 827.0720699634896 
6133.070924994074 289489868.89801335 729.052170745979 
6147.73283210487 357255332.4122387 631.0641671894209 
6588.70456259001 3836739.284562855 697.4257095867761 
6259.140118922585 827294551.8022366 380.1610068999789 
6394.086524501821 6865241.726381156 754.9397187520469 
