7981.643885523623 1535307.3211791082 0 
5936.242762463724 63456444410.82139 582.4818214553163 
5919.560507305488 10534831697.16355 674.4681569293142 
11661.08689868151 666664.6012798572 143.84947016702606 
12092.056568862352 668889.4225163421 105.96258240277969 
6009.908926787725 4107711.915417578 913.9625271507463 
9781.745970825856 969516.5155154733 183.87362222528577 
8682.194070137142 1068476.9207425178 139.28025937851336 
10068.20558572771 784560.9252117078 154.14774605972383 
5948.505033452511 7808481884.819204 468.7966839773052 
11703.325461566032 829530.8269429749 85.1647098211451 
10753.480341714443 1355307.8303066492 19.846304808715573 
8234.583357359003 1125955.546258567 133.87620512252332 
7237.695214085057 1363844.7432394614 360.1745165296314 
7895.5824204328665 1186396.071821151 328.25849085502057 
7095.407552688152 1810009.4588710228 220.1983310795949 
7643.160252849851 1446173.448091431 13.640030598462772 
10495.21659456706 881434.8072017652 133.54952240285272 
10617.782728150072 913562.2956113789 103.82306894933001 
5982.742846674371 5292397.875597558 853.888612156072 
6010.8909291784485 4965244.858514254 820.6984319347903 
5919.577554115914 2134866538.6298423 654.9724887777207 
11463.918843251206 711765.6712043924 294.7283724218831 
7444.302935246287 1456267.3083910435 4.761045440517533 
8039.647081443746 1153838.3687195976 158.10198455086189 
5920.542991658124 9993015032.387 585.7327723226485 
6926.046481229471 2169246.538245251 45.61687263595628 
10285.465729259888 1050964.2009697175 127.36704913315964 
7726.206350903739 1290616.126581633 33.24200516989752 
10950.79423520441 1088022.472706927 86.82758081361328 
7944.41839379946 1225372.6745023252 196.29807454794366 
6285.1610402696115 2933828.601324303 255.2782908803411 
6739.182252096693 2259457.679620234 0 
7303.810952350092 1807838.1597848914 71.18181656669599 
10225.177392565754 1104329.712687091 114.53598269853043 
6256.8664753196945 72570000.38141222 236.81718338530345 
11315.060686898025 761091.6308403844 119.60255222068244 
5920.609026260305 3608724094.886609 585.5387265411603 
6023.697681673226 136168666.57595116 339.767120571516 
8439.723273670563 1158122.90338584 126.77908146820361 
5941.584673932533 11037004.548184868 803.7985213605004 
11110.31537093733 775038.6346424698 167.27890608729604 
5969.297487397796 537966344.8265212 447.8212140068474 
5982.493265871375 16076920.467006458 558.9017722177293 
5923.07826059953 576328958.5183407 711.896409212618 
5993.3783550696635 132436430.68076517 400.5382694190868 
6068.551555372536 3884717.0714316396 872.0287100967074 
5989.538186913895 5496660.128161297 786.3326952936499 
5929.034608717646 72773582.74589308 756.6474167065691 
6198.455540891674 7281183.800085346 289.2642806662211 
7343.423944630649 1677241.1535184132 281.7662441493177 
6056.64357845744 33374332.171157476 384.4372828418847 
6126.467232851052 158764392.31091088 271.18649611491935 
5929.167479713962 58174821.562574044 771.6777133338157 
6002.755199646306 4886994.789059633 889.2493957055491 
5943.848514668954 5360844016.887517 470.2008814286967 
5924.602166434234 137910388.89979744 618.1703154958009 
11026.65199849521 986015.3156219536 38.950458892498375 
6467.2332885406295 2397278.981914264 427.7305209427665 
5957.614473378366 23520115.003508605 512.7425018974568 
5929.029671513522 4523229203.114634 582.7573594323765 
11414.194782120794 898595.7523438192 42.3267114317472 
5990.932183203073 5291029.873212968 734.7833071606558 
6115.137350362333 5942365.69583185 310.51073840115583 
6073.9010447492865 7869304.555532628 550.1315916371364 
6563.532780260215 4350736.609940347 83.80175498347594 
7073.655105558544 1608215.5142192878 494.8598208268287 
11178.449035596475 959164.0740978499 61.37161721469495 
5939.325778569657 350886473.02078617 533.2551722898901 
5943.629962680999 6078970463.426097 477.55327720483047 
6444.117631946863 3375430.773971789 170.23127404339422 
6373.050448223794 5182416.724277349 89.40411312027976 
5943.996744377998 6161046698.437411 470.1277353477344 
6054.169015274301 63710012.57092227 371.521500871904 
5921.477013901574 1846373414.0545082 594.6780003079137 
7403.487412488735 1757401.4222150892 58.01800761134751 
6626.441955664832 2598654.8537955224 30.965110098424375 
8550.410884140296 1070427.458900222 121.87008808208734 
6333.42765966087 3758564.1762111904 230.7529823956903 
7003.417019476954 2046540.3007210488 39.00923916310357 
11205.479606024022 728005.669405703 126.1493198052407 
5951.76826028811 250534820.1801156 458.7279269112853 
6009.683864475899 45614928.776642725 417.17175188878184 
5921.293578837221 1346787255.6613326 608.0966520247712 
5921.432533387504 1220040368.1874716 602.621006968862 
5919.950114250527 1997023233.5287113 665.8567863044642 
6533.665352137083 10298203.271798214 49.858899984957674 
6037.907097673004 7909191.872137476 526.5015600871022 
5968.9231867968865 14118130.352711763 739.862224943214 
7929.650165958843 1023431.2276278313 303.93012870379187 
6098.703158476585 3260511.8180280398 637.7110456087306 
6086.7568143226545 3862220.3380524036 676.8137676303536 
6651.281761057091 2953943.174055221 0 
6398.234212893667 2925874.7614146504 272.5269848277702 
5939.072187528389 465494106.9286424 498.9497035808789 
6042.739694701414 4435134.741320427 694.9300899887846 
6487.954444897686 2418716.006553483 424.98806981981824 
5945.4194625372365 31528493.697280332 636.4179768725298 
5999.240081107427 12741644.272819173 692.5545616591463 
5961.111432339162 41884735.130088896 485.2275134336081 
