6106.313708286877 13107241.694867074 610.6725356586949 
8242.254982105069 1188325.5503145626 0 
6066.7732886695085 2869319517.350506 467.9566290504451 
9470.596085838331 648924.3786947858 60.38200896202564 
6212.008696196584 10985989375.123842 200.4606454492111 
6118.921090630498 4888278192.736501 390.3611926087017 
6225.233193464382 6409167668.237669 188.18393887552597 
6340.186603559703 7939412436.947548 119.61057891620828 
9183.368610436757 668030.5577427 78.51981912580959 
6175.271092226532 2198828549.8908515 317.98606267797265 
6212.6748321113355 8812054640.374964 187.12328828543912 
6170.673970810323 1508176326.227981 319.95622271005067 
6217.806929553023 6869998020.413848 189.2928980672189 
6075.336997424995 1266079430.5288482 473.46665278328607 
6346.246475674094 3747063657.1920986 119.64765511618288 
6116.518120651179 10921803795.414871 396.6738319182378 
9437.624121116238 666919.1463080801 76.00462558113274 
8019.8197960411 1202881.1498369726 400.64744810858843 
6224.1968477633545 4136413233.176239 188.2083031926148 
6134.194655197562 9583471491.485405 337.9950025391685 
6119.932968230587 4875385806.62476 343.8088055610189 
6193.072629854444 10177976261.737768 230.63315800100926 
6100.87660478256 7698986310.294077 456.37678183980506 
7798.792030253817 1275886.6175215135 36.8991376740702 
6091.137678924301 377361648.6905644 502.9708020105817 
6103.736627100108 14742146.799937628 550.3802984626373 
6124.000689608014 1151656430.723259 357.89704074532483 
8432.01787684745 804896.6747215667 240.3641916348024 
9068.443842220642 703882.2238864042 2.6595304378595355 
8276.60828032163 927696.0335000043 388.5270264165564 
7251.300165705276 1934874.0047594395 232.94648660022784 
6882.892042900808 2696079.3816326587 431.46193605314363 
7695.991914890641 1382317.6912732718 45.987577094836695 
6352.772324154561 6410390547.057245 105.07688751200845 
8319.855608401302 843897.9268524768 171.54473168328929 
7865.62563955204 1276820.3590569051 13.850322450964313 
6373.861961118155 2361553329.387782 105.34250325835355 
6117.539650845998 9075106563.872335 349.40972376969563 
8127.971655912268 975403.1008923431 185.23551797290196 
8658.901137743966 771201.0541930553 48.55826137993776 
8960.36275504637 696921.2349467501 62.843686266867245 
6087.02969969829 9649492705.091732 458.1539052538593 
6446.0002382507855 7389034.673678033 223.1400203786877 
6543.420176916672 8857001.279649358 85.50529712493702 
7090.194442308148 2481104.757593149 303.3675751706049 
6190.785851937044 10177693405.251623 230.88409196625315 
8793.994752084893 730853.2080817602 2.7333607090900958 
6136.98527098852 7272525689.338848 343.0016187692748 
7135.879528468931 2219177.569215662 276.7086943568025 
6075.825910489692 1042275820.829232 513.4855493062602 
6727.543096813922 110814214.11347023 66.41508617642499 
6205.605651446986 672527950.4615887 271.4049236256448 
6140.116417217278 13228796.528406167 416.11715497576165 
6084.9501756092295 299757821.18246543 520.9024326739793 
6679.070858178686 4394991.129566422 124.32813268975744 
6307.097209048021 6851046.569634669 248.22257797329632 
6149.450462268597 750793635.9945246 326.1768036095312 
6484.034544871125 7055000.679994141 164.74168911441075 
6203.692177378753 12956540.775276005 530.2763446129485 
6632.510324389237 6422225.036933566 74.77669351108804 
6148.576964967511 442718145.94941425 326.4284032525662 
7135.5164850098945 2378233.9099057885 261.09644652123274 
6101.771854451028 16099254.301514558 573.6482894099211 
6100.158690452927 13890175.69577906 591.3965282408892 
7017.727695524382 35347759.00868455 3.680607702621485 
7408.274788961784 2211528.0929926536 133.17175486748604 
8503.173595741482 787507.1771040084 227.94393060037888 
6804.855322494841 6906619.846231497 55.040539409455945 
7100.445341011093 2318954.9159112996 285.219786392848 
7436.545484778202 1547713.1543007907 179.95116829400808 
7362.2838862632625 2255812.086299706 29.95556721697363 
6230.550745792719 7200641819.971419 187.00632805615078 
8062.140441310739 992409.8099725775 347.0198585100537 
6104.206763788985 8980970379.539408 450.63815122031804 
6233.510189228046 2594113122.2452707 185.89161501618148 
8847.369484175966 704311.9125948503 9.153767831324462 
8629.452954281765 738509.4342268828 152.02793815549717 
6848.226736010847 12628832.490527067 25.068002066430537 
8592.840299862155 743140.2550640102 158.74416432367752 
6760.441995388002 6301793.361571463 70.30877109500696 
6102.366324469963 3957530533.2191257 458.79270241808524 
6113.9769073312455 32214771.8463582 447.57353357373427 
7314.478862463708 2054878.5557817982 140.6337355473782 
6899.388454288735 4261136.834437575 211.89151887640878 
7629.563623844739 1404967.0401799122 82.9013717966974 
6932.439408357101 5575519.418800926 18.888320916084016 
8547.587587910262 744566.3089421612 243.03100363435507 
6205.650687435277 2626208891.6003385 207.12840736353021 
6271.703412458111 9238630.81249489 203.65786858830486 
8868.65486039588 665036.5008016436 92.53407027732204 
7854.302219496433 1269036.6336235495 21.530086728797748 
6352.780438640233 6410070665.556658 105.35233893274321 
7479.230801716122 2906582.3358838013 0 
6972.103052444287 4336310.54793837 61.777616175122475 
6083.506726461992 71067102.75688067 583.565008122426 
6167.001505961801 3916182305.370806 319.76514728598465 
7535.5726006284485 1533208.5138092581 146.89729621893633 
8883.982138595577 699681.0917577229 2.7250299715554087 
8296.93038091352 930602.0717711546 284.65662455940384 
7536.262429517515 1423306.2864756286 147.25553711655328 
