8036.87529531531 3580664.293646359 0 
6308.968176157576 9318240.036126181 1084.9382447163157 
12312.157064594165 1307765.1539513736 579.6367618788083 
6298.24091945482 32878438947.195805 413.65370580148715 
12330.082544068757 1575750.2919823104 486.734802301974 
6021.710727895325 297994184.07243145 674.2775305838195 
6200.337693912628 8611453696.233147 417.7586724777128 
10725.41501646225 1720710.622675459 89.41541064019611 
9120.027500702396 1653816.030922157 224.32218166444102 
9771.538296775258 1795047.0301980027 145.97601305610465 
6059.25774616621 3912612402.679731 671.0343925559179 
8687.345471435468 1803944.4308829738 89.58081541209401 
6160.8602418991395 2094166645.3396401 425.08041675344776 
6158.305549903449 6411279819.2256775 434.6225520367069 
8331.519063390786 2025245.9348799759 52.62454494992846 
10116.24087285827 1801641.665512071 71.9828109969271 
6327.177654330556 13298503.8460151 856.9825072404012 
6197.5965544546725 38004081.94174875 1009.8802228032456 
6159.777651911447 6411600852.110498 433.8688473960641 
10198.384585305155 1755036.089275897 63.945578007895776 
10444.14964311685 1456266.738008677 594.5115734470197 
7969.978105172974 2178922.883750475 348.3987886106098 
8215.091696104126 2450250.6786211887 4.828379065059394 
7435.642846914144 7929610.4480455145 47.23286601240712 
6078.031193120342 125839181.7090795 805.1599831548347 
7737.736344986067 2834172.0729450565 502.8580480784512 
6327.30679264723 1271036976.0599174 410.9122147663346 
6614.976568580096 8694570.237357266 379.84519104767605 
7093.014133819441 4611496.257567542 160.38611759953784 
7179.6882066735525 3459762.415575576 250.8325570964548 
7385.71287989565 5503053.201646434 86.31869355704598 
8118.231588383019 2188371.4532478265 215.63133712731167 
7901.221451440089 2405956.2228858857 182.976261284702 
6411.7349417038295 8371787.721204145 891.7561999103324 
6264.8687479394985 17535740.94811575 929.6066546131218 
7004.656044319556 4813973.94858358 956.0743652332316 
7652.622563472168 3245548.584806602 129.47673041428766 
7479.159723121375 4822931.361821163 51.076877147010784 
6298.276765346212 16025272.364525221 987.1773477824693 
6650.037696848483 12809101.925305407 321.4675378978327 
10680.37513248514 1333728.1720553357 597.4166227429547 
6039.0394664140995 274185577.0542344 711.5101668862271 
6447.093427730729 6492368.666226288 650.5720069814306 
6367.7379864283885 7839612.596864926 915.3057064389617 
10520.745070249523 1412813.9970688708 598.7431699672729 
6517.442953288712 100949728.22960295 245.0161126610623 
8170.523789300371 2341174.855189078 93.38297160812331 
6684.195683917769 7688571.6503379205 338.3067661890994 
6332.8625083381285 8225595.711935648 965.5256806139766 
6155.8335229735185 860260237.4738221 480.3330258565717 
6791.37958400925 5820452.6423288295 180.67439104844527 
7143.871239001176 503402883.43328714 82.78238518765605 
6276.071863977607 37948965.118866906 782.0721783546607 
6169.937093183993 118318733.3640497 535.145050153417 
6071.491216064471 194629326.95901132 689.2732485352448 
6755.257552223833 5742615.093710206 265.03868001337867 
7023.35260409712 3870457.7663924485 198.29107661419806 
6092.385664700731 413703220.50487816 636.4962232440299 
6887.659399227305 7929331.900651157 108.87856489529204 
6846.378880971132 39081295.5889727 139.07950440845386 
6596.98467125 24882349.891939595 281.2240390327445 
6107.374947017574 153285269.55052954 568.0114136568943 
6223.78535782003 44707081.87270114 772.580688052796 
6458.313278783635 497228132.8789495 309.17672121902825 
6551.322554935758 8003757.803499648 469.9942704689081 
6106.07952156854 89134670.23659483 627.0569590241075 
6288.9367532093165 13585920.524475757 1004.8361189245028 
6256.989091006217 20563045.250329655 899.1926852455116 
6432.128168962241 14153990.549070409 550.8335391600577 
6536.154243629265 12729735.427934598 392.97282384831965 
7689.589508212081 4349030.239219828 116.29581933155792 
6435.386820643376 143926382.17724562 454.0435193729346 
6699.828359316388 20775748.553755503 297.0338901128661 
6294.491159177347 20150373.67506616 800.5191413017853 
6480.384578028605 9925549.342908205 604.4018406598626 
6923.977845397638 4877458.000420923 224.20551913889437 
6053.00284712629 175321002.82495576 729.0581619882008 
6816.482231498994 5739473.634305882 261.0582293002125 
6400.987699379824 13447670.736902416 738.6269565362664 
6387.79927034925 14090574.727434952 719.436180482727 
7034.884286692497 5290577.143808447 190.35838846422374 
6092.871603185374 789076818.6966797 520.9135867306167 
6079.829329518544 97310589.86933272 748.2832666020538 
6460.662141965781 156398080.43495962 400.5012294051861 
6563.868722430358 12502915.469639825 456.0992908983195 
6063.045571345155 603984414.5233147 526.8007468167846 
6978.596744499611 5655631.310459483 109.31598211104486 
6348.749238376139 25810072.95712354 758.3021284501406 
6425.460165784982 15886385.370290907 558.9662566495819 
6586.030242859873 5097869.73753211 686.2374009631328 
10507.326040339376 1673391.1608698303 187.28969828578226 
6146.429046325574 425852260.97112566 512.8098095034452 
6251.789059053966 45227341.399619795 762.7571654299062 
7674.480384402209 3065505.2304609288 129.47673041428766 
6543.958381461426 33641540.74088068 288.44310487945313 
6154.090371577708 672572238.7329578 510.19963637432534 
6106.123930410608 467277659.4682465 613.8499188394371 
6202.6087298235525 48909688.57264684 613.5509406405101 
6707.3928555949915 7989091.284499878 264.79619054654086 
8213.837159093435 1964599.031922361 250.75193728144214 
